depletion_time = [0.0, 36.0, 73.0, 110.0, 146.0, 182.0, 219.0, 256.0, 292.0, 328.0, 365.0, 402.0, 438.0, 474.0, 511.0, 548.0, 584.0, 620.0, 657.0, 694.0, 730.0, 766.0, 803.0, 840.0, 876.0, 912.0, 949.0, 986.0, 1022.0, 1058.0, 1095.0, 1132.0, 1168.0, 1204.0, 1241.0, 1278.0, 1314.0, 1350.0, 1387.0, 1424.0, 1460.0, 1496.0, 1533.0, 1570.0, 1606.0, 1642.0, 1679.0, 1716.0, 1752.0, 1788.0, 1825.0, 1862.0, 1898.0, 1934.0, 1971.0, 2008.0, 2044.0, 2080.0, 2117.0, 2154.0, 2190.0, 2226.0, 2263.0, 2300.0, 2336.0, 2372.0, 2409.0, 2446.0, 2482.0, 2518.0, 2555.0, 2592.0, 2628.0, 2664.0, 2701.0, 2738.0, 2774.0, 2810.0, 2847.0, 2884.0, 2920.0, 2956.0, 2993.0, 3030.0, 3066.0, 3102.0, 3139.0, 3176.0, 3212.0, 3248.0, 3285.0, 3322.0, 3358.0, 3394.0, 3431.0, 3468.0, 3504.0, 3540.0, 3577.0, 3614.0, 3650.0] ;

maxPowerVal =  [1.67253638469699, 1.67424833949709, 1.67322128708896, 1.6756838120717, 1.68009754756386, 1.68521772002351, 1.69006411878822, 1.69432263476133, 1.69801148496183, 1.70136126100088, 1.70456112411127, 1.70760726914753, 1.71045269192035, 1.71319869375842, 1.71593780290194, 1.71861648273093, 1.72118936434498, 1.72375553363709, 1.7264147823763, 1.7291276368446, 1.73185079767979, 1.73468127819734, 1.73769492298404, 1.74079751750598, 1.74388469830579, 1.74702143879125, 1.75027735281202, 1.75354408037757, 1.75671118611046, 1.75984401063359, 1.76300327747995, 1.76607899758789, 1.76899056495559, 1.77182657375471, 1.77466762645768, 1.77744009278818, 1.78007707457038, 1.78266109332166, 1.78526829794077, 1.7878336395037, 1.79029714750358, 1.79273520028751, 1.795216416102, 1.79767370992952, 1.80004210959333, 1.80238908174303, 1.80477968193871, 1.80714913454511, 1.80943493932403, 1.81170184255769, 1.81401258319475, 1.81630431222004, 1.81851606230272, 1.82070870376038, 1.82294263690982, 1.82515565197823, 1.82728892447352, 1.82940166697374, 1.83155205890691, 1.83368047408128, 1.83572998143951, 1.83775878788739, 1.83982239355611, 1.84186421591119, 1.84383033752812, 1.84577666614741, 1.84775689238849, 1.84971666401996, 1.85160416448808, 1.85347296707838, 1.85537450886603, 1.85725716828746, 1.85907224686128, 1.86087245076257, 1.86270888103795, 1.86453313509533, 1.8662980954232, 1.86805497299392, 1.86985456232316, 1.87164946466449, 1.87339319310321, 1.87513557746911, 1.87692510040395, 1.87871170597804, 1.88044585891737, 1.88217556366122, 1.88394708950974, 1.88571086327975, 1.88741953310228, 1.88911842328679, 1.89085447508699, 1.8925782107126, 1.89424309058446, 1.89589423655927, 1.89757646400524, 1.8992418139775, 1.90084561043351, 1.90243094261211, 1.9040414987919, 1.90563018328289, 1.90715507672663] ;

FWHM =  [27.28, 0.0, 27.07, 27.0, 26.97, 26.93, 26.85, 26.75, 26.62, 0.0, 26.37, 26.25, 26.16, 26.07, 25.99, 25.92, 0.0, 25.79, 25.73, 25.67, 25.6, 25.53, 25.44, 25.37, 25.28, 25.18, 25.09, 25.0, 24.91, 24.82, 24.72, 24.65, 24.57, 24.49, 24.42, 24.34, 24.27, 24.21, 24.15, 24.08, 24.02, 23.96, 23.89, 23.83, 23.76, 23.7, 23.64, 23.59, 23.53, 23.47, 23.41, 23.35, 23.3, 23.25, 23.19, 23.14, 23.09, 23.03, 22.98, 22.93, 22.88, 22.84, 22.79, 22.74, 22.7, 22.65, 22.6, 22.55, 22.51, 22.46, 22.42, 22.37, 22.33, 22.29, 22.24, 22.2, 22.16, 22.12, 22.08, 22.03, 22.0, 21.96, 21.92, 21.88, 21.84, 21.81, 21.77, 21.73, 21.7, 21.66, 21.62, 21.59, 21.55, 21.52, 21.48, 21.44, 21.41, 21.38, 21.34, 21.31, 21.28] ;

avgTempMax =  [323.80692275463, 323.810963462229, 323.82962204087, 323.858110804562, 323.90068037987, 323.963433664017, 324.052043857414, 324.158763870429, 324.271653493508, 324.385616349215, 324.496117942919, 324.594072266612, 324.678136140824, 324.753360715645, 324.823728352149, 324.889310262252, 324.9506472641, 325.011582521913, 325.075880372774, 325.143968030605, 325.215820786098, 325.294527162211, 325.381615695901, 325.473456194502, 325.565940182227, 325.6601432097, 325.757379663701, 325.853681290624, 325.945229326276, 326.033474787888, 326.119542390533, 326.200036380505, 326.273294670607, 326.34210465159, 326.408734972659, 326.471757150586, 326.530114216456, 326.586027671429, 326.64143332201, 326.695235645687, 326.746501668374, 326.797061193487, 326.848331908406, 326.898862883141, 326.947284632791, 326.994940870218, 327.043092523443, 327.090373393023, 327.135513233479, 327.179775475251, 327.224327240112, 327.267909847383, 327.309401205238, 327.350016036158, 327.390870282845, 327.430848134776, 327.468927312411, 327.506221392939, 327.543755625135, 327.580505457427, 327.615530079325, 327.64984933772, 327.684387661266, 327.718179076211, 327.750337953811, 327.781785725889, 327.813363876807, 327.844186847232, 327.873450641025, 327.90199677867, 327.930586684396, 327.958429930647, 327.984867373116, 328.010735203734, 328.036804619686, 328.062427623784, 328.087003931479, 328.11130215781, 328.136059515388, 328.16067347769, 328.184555653154, 328.208421466565, 328.232900251054, 328.257274137556, 328.280836960494, 328.304199482851, 328.327950731068, 328.351385995944, 328.373835029937, 328.395888053799, 328.41809141163, 328.439775929114, 328.460328536505, 328.480296293732, 328.500161139504, 328.51931048707, 328.537208773605, 328.554338016361, 328.571094332953, 328.586941884902, 328.601442363373] ;

avgTempGrapMax =  [657.453224387179, 657.465306678047, 657.562236669116, 657.613471993699, 657.656337276586, 657.728383766266, 657.861284381013, 658.043606802833, 658.248619346095, 658.461866850998, 658.670553767551, 658.853831575344, 659.008752502517, 659.145096096291, 659.270415335, 659.385259542525, 659.491221646509, 659.595599405093, 659.705451127124, 659.822166034038, 659.946314357519, 660.08364376406, 660.236790826493, 660.399225400922, 660.563481622657, 660.731297775904, 660.904898019783, 661.0770840569, 661.240900244261, 661.398830594198, 661.552780763376, 661.696592448758, 661.827333594825, 661.950040105332, 662.068809178385, 662.181146840416, 662.285220684714, 662.385037744561, 662.484106206319, 662.580520020088, 662.672640053436, 662.763767190398, 662.856439243968, 662.948000160029, 663.035915920858, 663.12257809316, 663.210240606344, 663.296376533598, 663.378625242527, 663.45924646419, 663.540320020114, 663.619519826758, 663.69483214248, 663.768498327285, 663.842574578638, 663.915072193525, 663.98417109611, 664.051923751569, 664.120231185448, 664.187269759816, 664.251351353288, 664.314358791524, 664.377990410153, 664.440457871149, 664.50009817496, 664.558594557958, 664.617502555785, 664.675159161692, 664.730035963307, 664.783688231908, 664.83753440296, 664.890070614755, 664.940027787154, 664.988959654856, 665.038303686335, 665.086810350431, 665.133318665979, 665.179261494004, 665.226007142654, 665.272390220223, 665.317283054656, 665.362020250369, 665.407792244515, 665.453275812391, 665.497179799156, 665.540667558752, 665.584856961045, 665.628459864936, 665.67025210431, 665.711354026119, 665.752809659972, 665.793397126989, 665.831988543691, 665.869629556526, 665.907260107976, 665.943753515468, 665.978105635582, 666.011256843972, 666.044013383851, 666.075370883256, 666.104475181835] ;

