Freq =[ 0.01      ,  0.01072267,  0.01149757,  0.01232847,  0.01321941,...
        0.01417474,  0.01519911,  0.01629751,  0.01747528,  0.01873817,...
        0.02009233,  0.02154435,  0.0231013 ,  0.02477076,  0.02656088,...
        0.02848036,  0.03053856,  0.03274549,  0.03511192,  0.03764936,...
        0.04037017,  0.04328761,  0.04641589,  0.04977024,  0.05336699,...
        0.05722368,  0.06135907,  0.06579332,  0.07054802,  0.07564633,...
        0.08111308,  0.0869749 ,  0.09326033,  0.1       ,  0.10722672,...
        0.1149757 ,  0.12328467,  0.13219411,  0.14174742,  0.15199111,...
        0.16297508,  0.17475284,  0.18738174,  0.2009233 ,  0.21544347,...
        0.23101297,  0.24770764,  0.26560878,  0.28480359,  0.30538555,...
        0.32745492,  0.35111917,  0.37649358,  0.40370173,  0.43287613,...
        0.46415888,  0.49770236,  0.53366992,  0.57223677,  0.61359073,...
        0.65793322,  0.70548023,  0.75646333,  0.81113083,  0.869749  ,...
        0.93260335,  1.        ,  1.07226722,  1.149757  ,  1.23284674,...
        1.32194115,  1.41747416,  1.51991108,  1.62975083,  1.7475284 ,...
        1.87381742,  2.009233  ,  2.15443469,  2.3101297 ,  2.47707636,...
        2.65608778,  2.84803587,  3.05385551,  3.27454916,  3.51119173,...
        3.76493581,  4.03701726,  4.32876128,  4.64158883,  4.97702356,...
        5.33669923,  5.72236766,  6.13590727,  6.57933225,  7.05480231,...
        7.56463328,  8.11130831,  8.69749003,  9.32603347, 10.        ];
Phase_shift = [80.29439, 79.18953, 78.71861, 76.72731, 75.63129, 74.23959, 75.21175, 73.61991, 73.68616, 70.90978, 70.77539, 67.4521, 66.30911, 64.63899, 60.77964, 57.85564, 55.2969, 53.15162, 48.20722, 45.57299, 40.19441, 35.28083, 32.70675, 27.47423, 25.1762, 22.7425, 17.67512, 12.5461, 10.19658, 5.01127, 2.52366, -2.53141, -2.52729, -7.5276, -12.37683, -12.69434, -17.32271, -17.64597, -20.48711, -20.7467, -22.08326, -22.09952, -24.44904, -23.59414, -25.94793, -22.95415, -22.37594, -22.79322, -22.63916, -22.62072, -22.77579, -22.8363, -22.78589, -25.1215, -25.19943, -25.15687, -24.97657, -25.17479, -22.74409, -22.72479, -22.58401, -22.94166, -22.54954, -22.7138, -22.78401, -20.21829, -20.0736, -22.27767, -20.31024, -19.79819, -20.16743, -20.48668, -20.74684, -19.62897, -17.18881, -19.55944, -18.35127, -18.16381, -17.85346, -17.40337, -17.728, -17.60848, -20.10704, -20.24545, -20.29888, -20.25434, -20.0973, -20.15936, -20.12546, -22.47901, -22.65731, -22.74397, -22.72482, -25.09345, -25.49074, -27.56065, -27.76135, -27.84709, -27.80023, -30.11039];
Gain = [171.90791, 184.92525, 199.36145, 214.48671, 231.14318, 249.0053, 268.50099, 288.90131, 311.25337, 335.17353, 361.42999, 388.76763, 417.64751, 447.57037, 479.84539, 512.49746, 546.09778, 580.1861, 613.58307, 645.84242, 676.16, 704.56072, 729.60662, 751.0826, 768.57898, 781.64667, 790.00309, 793.65684, 793.06626, 787.81387, 778.78387, 766.21736, 750.5362, 732.29606, 712.00746, 689.94015, 666.82856, 642.80798, 618.41396, 594.06287, 570.14078, 546.51916, 523.8073, 501.66724, 481.49674, 463.32978, 447.68018, 434.80219, 425.44982, 419.87488, 417.22297, 414.75377, 408.50458, 397.76108, 384.89501, 372.32224, 360.83107, 350.2559, 340.58586, 331.6393, 323.35953, 316.13366, 310.04854, 304.98429, 300.19896, 295.29857, 290.08591, 284.88522, 280.97884, 276.93119, 273.81458, 270.23716, 266.6571, 263.56568, 260.67071, 257.79658, 255.3318, 253.27518, 251.11443, 248.73465, 246.8056, 244.60856, 242.94083, 240.83542, 239.0643, 237.27429, 235.23912, 233.5568, 231.67151, 229.55497, 227.7306, 225.73431, 223.68568, 221.16162, 218.90072, 216.25631, 213.36052, 209.25037, 205.76616, 201.93391];
Old_Phase = [79.64537, 79.1999, 78.65987, 78.02504, 77.2806, 76.43184, 75.44166, 74.321, 73.04515, 71.61608, 69.99476, 68.19153, 66.16948, 63.91879, 61.44967, 58.7149, 55.73479, 52.52221, 49.09321, 45.43357, 41.59699, 37.59497, 33.48406, 29.34317, 25.09849, 20.92224, 16.75234, 12.6737, 8.72113, 4.94151, 1.3126, -2.1427, -5.37581, -8.4425, -11.17473, -13.75733, -16.11444, -18.17939, -20.02704, -21.55409, -22.82378, -23.85086, -24.65895, -25.03412, -25.1957, -24.95583, -24.46732, -23.87257, -22.92655, -22.28725, -21.96258, -22.68493, -24.1153, -25.3394, -25.98867, -26.15703, -26.01201, -25.68471, -25.64604, -25.27678, -24.44837, -24.06209, -23.40466, -22.54434, -22.28694, -21.59467, -21.73507, -21.49296, -20.42168, -19.77839, -19.69281, -19.59632, -20.02942, -18.67556, -18.0227, -18.25154, -18.41926, -18.51596, -18.5305, -18.45041, -18.26193, -17.94987, -19.24706, -18.76179, -18.10587, -19.41437, -20.81738, -19.84157, -21.27548, -22.81298, -23.40433, -22.95074, -24.60932, -22.61807, -24.25262, -26.00528, -27.88463, -29.89977, -32.06053, -28.64789];
Old_Gain = [170.16215, 183.31703, 198.06485, 213.19113, 229.95713, 248.33084, 268.09555, 289.11735, 312.13147, 336.82439, 363.55234, 391.94432, 422.26362, 454.08094, 487.6186, 522.40974, 558.04752, 593.98594, 629.40676, 663.83628, 696.28754, 726.02929, 752.25394, 774.28652, 791.71482, 804.13813, 811.48808, 813.76563, 811.18142, 804.06536, 792.86803, 778.06249, 760.17442, 739.78104, 717.39712, 693.54422, 668.70885, 643.25019, 617.55565, 592.00471, 566.85461, 542.44306, 518.99878, 496.85735, 476.38937, 458.03571, 442.27963, 429.61369, 420.55712, 415.65159, 414.69662, 413.92726, 407.33141, 393.96344, 378.33538, 363.72886, 350.26385, 337.77921, 326.55504, 316.26918, 306.47846, 297.75965, 290.99986, 285.97616, 281.64647, 277.1644, 272.1975, 267.25444, 263.33463, 260.65217, 258.48995, 256.39503, 254.85144, 253.94461, 252.81493, 251.48294, 250.48307, 249.3654, 248.07333, 246.64174, 245.15439, 243.69906, 242.26651, 240.88586, 239.53795, 238.18361, 236.76236, 235.37096, 233.91849, 232.28145, 230.58997, 228.89138, 226.94559, 224.78655, 222.50793, 219.96052, 217.19983, 212.97592, 209.53268, 205.80679];
